3400264001
3105886001
3410031011
3100077004
3100077003
3410018005
3400385001
3410031012
3410031001
3410031004
3410013025
3410031015
3410031002
3410031005
3410031014
3410013020
3410031009
3410021002
3410009011
3410016003
3410024033
3410021001
3410006002
3410024052
3410031013
3410006009
3410013022
3410013017
3410024054
3410024030
3410024031
3410024029
3410024053
3410024032
3410013027
3410013016
3410013030
3410013029
3410031006
3410006003
3410018006
3410014001
3410014002
3410031010
3410006007
3410025011
3410013026
3410025013
3400396001
3410018007
3410013015
3410018002
3410031003
3410024023
3410013019
3410013018
3410013011
3410013004
3410013028
3410025014
3410032002
3410032001
3410018014
3400139001
3410013023
3410013009
3410013001
3410024022
3410025007
3410016002
3400139002
3400284001
3410025009
3410018009
3410013007
3410018008
3410013002
3410018013
3410024021
3400139004
3410025005
3400139003
3400260001
3410025012
3410025006
3410018012
3410018003
3410018010
3410016001
3410024003
3410013006
3410018001
3400262002
3400347001
3400262001
3410013003
3410013021
3410024015
3410025003
3410024006
3410006005
3410025001
3400190001
3410013024
3400261001
3410018004
3410006008
3400100002
3410013013
3400258001
3400333001
3410013031
3410018011
3410025008
3410025010
3410025015
3410024027
3410025004
3410024050
3410013008
3410024049
3410024005
3410025002
3410013010
3410020050
3410024013
3410013005
3410013014
3410024004
3410006004
3410024011
3410024009
3410024025
3410006006
3410009009
3410024036
3410009003
3410013012
5700763001
3410024008
3410024026
3410024048
3410009008
3400393001
3410006001
3410020057
3400179002
3410024034
3410009010
3410024035
3410024020
3400179001
3410024038
3400276001
3400191006
3400191002
3410020049
3410020056
3400191001
3410024024
3400359001
3400281001
3410024014
3410301001
3410020037
3410024019
3410024037
3410024028
3410009007
3410009004
3400278001
3410024018
3410009005
3410004015
3410004008
3410024040
3410004004
3410009002
3410024007
3410020038
3400171001
3410024039
3410024043
3410024045
3410024046
3410024042
3410024044
3410024041
3410024047
3410020047
3410024012
3410004016
3410004001
3410004010
3410024001
3410024010
3410020041
3410009001
3410009006
3410001024
3410020035
3410020036
3410020034
3410024017
3410001051
3400259001
3410001028
3410020051
3400259002
3410015019
3410024016
3410004005
3410004019
3410004011
3410004013
3410004012
3410004014
3410004018
3410015028
3400263001
3410001008
3410001016
3410024002
3410001071
3410001029
3410020040
3410020032
3410020018
3410020039
3410001042
3410020033
3410020031
3410001026
3410020030
3400378001
3410001052
3410001040
3410020017
3410001018
3410001005
3410020046
3410001032
3410020045
3410004006
3400406001
3410015024
3410020027
3400383001
3410020028
3410001017
3410001011
3410004009
3410001031
3410020029
3400225003
3400225002
3410020055
3410001030
3410001012
3410001003
3410001020
3410020016
3410001072
3410020043
3410020011
3410001009
3410015025
3410001021
3410015013
3410015016
3410015018
3410015017
3410015001
3410015026
3410020044
3410007005
3410001023
3410001068
3410001006
3410020015
3410007001
3410020024
3410007002
3410007008
3410020025
3410020026
3410001004
3410001014
3410020013
3410020012
3410001007
3410020019
3410001010
3410020048
3410020014
3410020022
3410020021
3410015009
3410007004
3410001053
3410007006
3410001001
3400226001
3410007007
3410007003
3410020023
3400117001
3410001027
3410001022
3410015014
3410020020
3410015027
5710003024
5710003005
3410001033
5710003015
5710003012
5710003004
5710003023
3410045005
3410001025
3410003008
3410020052
3410003007
5710003001
3410004002
3410004017
3410004003
3410015012
3410015004
3410015008
3410015011
3410001013
5710003002
3410001002
3410020042
3410001015
3410001019
3410015010
3410020054
3410020008
3410015003
3410020007
3410020053
3410045003
3410001055
3410026003
3410004007
3410001035
3410026004
3410045004
3410015005
3410003006
3410001039
3410003005
3410001036
3410026001
3410026002
3410015006
3410003004
3410003001
3410001041
3410015007
3410001063
3410010007
3410045001
3400387001
3410001034
3400140001
3410001064
3410002013
3410045002
3410003003
3410002001
3410010017
3410002014
3410002002
3410001067
3410001054
3410001065
3410003002
3410001061
3410010016
3410015015
3410010019
3410001066
3410015021
3400217001
3410001058
3410001057
3410001069
3410001073
3410015023
3410001043
3410001044
3410001045
3410001046
3410001050
3410001047
3410001056
3410001048
3410001049
3410010002
3410001037
3410001038
3410001070
3400180001
3400217002
3410010013
3410010021
3410015020
3410010004
3410010001
3410010006
3410010010
3410010014
3410002012
3410002008
3410002009
3410002007
3410002010
3410010020
3410010003
3410010018
3410010005
3410027001
3410010012
3410027002
3410010008
3410010015
3410010011
3410020002
3410020001
3410027003
3410034001
3400204001
3410034004
3410010009
3410020003
3410034005
3410034002
3410034003
3410020005
3410020004
3410020006
3410010022
3410010023
3410034008
3410704003
3410704004
3410704002
3410034007
3410704007
3410034009
3410034006
3410704005
3410704006
3410704001
5700588001
5700774001
3400201001
3400251001
3400162001
3410023006
3400411001
3400176001
3410023014
3410023004
3400404001
3400352001
3410023005
3400342001
3410005002
3410023003
3400342002
3410023011
3410023012
3410023002
3410023001
3400389001
3400198001
3400296001
3410023007
3410023015
3400358006
3400348001
3410023016
3410023009
3400145001
3400145002
3410023010
3410023008
3410017012
3410002004
3410002011
3410002003
3410002006
3410017028
3410017007
3410017001
3410017020
3410017027
3400172002
3410017005
3410017014
3410002005
3410033008
3410017002
3410023013
3410033007
3400172001
3410033003
3410017003
3410005001
3400376001
3410017013
3410033006
3410033001
3410033002
3410033004
3400253001
3400122001
3400121002
3400121001
3400382001
3410017011
3410017008
3400401001
5700791001
3410033011
3410017010
3410033010
3410033009
3410022001
3410022002
3400175001
3410033005
3410017006
3400287001
3400414001
3400388001
3400335001
3410017019
3410017018
3400412001
3410017026
3410017004
3410017009
3410017024
3400395001
3410020010
3410020009
3410029014
3410017015
3410029015
5700528001
3400384001
3410017022
3400125001
3410017021
3410017025
3410029016
3410029017
3410029018
3410017023
3410017017
3400391001
3410017016
3400331001
3400397001
3400413001
3410029019
3410029007
3400399001
3400380001
3400410001
3400250001
3400379001
3400402001
3400370001
3410029008
3410008010
3410029006
5700512001
3410008012
3410029004
3410029003
3410029013
5700509001
3410029002
5700804001
5700521001
3410029011
3410008003
3400249001
3410008009
3410029012
3400283001
3410029005
3410008008
3400168001
3410029001
3410029010
3410029009
3410008001
3410008006
3410008005
3410008004
3400273001
3400254001
3410008011
3410008002
0910300002
0910300001
3400295001
3410008007
3410008013
3400213001
3400248001
3400150001
3400123001
3400367001
3400101001
3400286001
3400232001
3400137001
3400155001
3400267001
3400130001
3400302001
3400229001
3400229003
3400180002
3400229002
3400271001
3410802002
3410802001
3410011022
3410011020
3400126001
3410011008
3410011007
3410011003
3410011013
3410011014
3410011010
3400138001
3410011017
3410047001
3410011005
3410047003
3410011004
3410011002
3410011001
3410011006
3400106001
3410047002
3410011016
3400280001
3400106002
3400165001
3400133001
3400151001
3400268002
3400268001
3410011012
3410011009
3410011011
3400224001
3400192001
3900664001
3900762001
3900763001
3400408001
4800561004
4800561002
4800561001
4800561003
3400164001
3400164002
3400164003
4800555002
4800555001
4810004004
3410012002
3410012003
3410012001
3410012004
3400332001
3400129001
3400374001
3400147001
3400103001
3400407001
4810004001
3410302002
3400356001
3400144001
3410302001
3400394001
3400107001
3400169001
3400128001
3400167001
3410035001
3400135001
4800511001
3400119001
0710001002
